1.000000000000000000e+00,9.840734004974365234e-01,1.137254238128662109e+00,1.140336513519287109e+00,1.653015494346618652e+00,-1.597532778978347778e-01,-1.251966953277587891e+00,1.839454889297485352e+00,8.023716807365417480e-01,1.612260222434997559e+00,2.679550945758819580e-01,1.352032780647277832e+00,1.524287343025207520e+00,1.000452280044555664e+00,1.757521390914916992e+00,1.367343187332153320e+00,1.666104078292846680e+00,1.071759581565856934e+00,2.643260061740875244e-01
0.000000000000000000e+00,7.402588129043579102e-01,9.846789836883544922e-01,-5.162274837493896484e-01,1.153427720069885254e+00,2.064896980300545692e-03,1.267412662506103516e+00,2.877910733222961426e-01,3.509621322154998779e-01,4.319773912429809570e-01,1.095101311802864075e-01,8.767091631889343262e-01,5.202366113662719727e-01,5.265770554542541504e-01,3.340511620044708252e-01,8.846313357353210449e-01,3.348965942859649658e-01,1.402606606483459473e+00,9.696209803223609924e-03
1.000000000000000000e+00,3.453247785568237305e+00,1.740875393152236938e-01,1.338485598564147949e+00,1.474800825119018555e+00,-7.084598541259765625e-01,7.281439006328582764e-02,2.470724105834960938e+00,-6.522879004478454590e-01,3.335652828216552734e+00,-2.088186979293823242e+00,2.483416557312011719e+00,3.352656841278076172e+00,1.197994470596313477e+00,3.732281208038330078e+00,2.454541683197021484e+00,3.253160953521728516e+00,6.635280847549438477e-01,4.973050057888031006e-01
1.000000000000000000e+00,1.494923710823059082e+00,-7.419595122337341309e-01,1.553642749786376953e+00,1.493000626564025879e+00,-1.477316141128540039e+00,-1.315159320831298828e+00,2.304529190063476562e+00,1.455335736274719238e+00,6.495681405067443848e-01,2.254088163375854492e+00,1.369648337364196777e+00,9.782562255859375000e-01,6.338105201721191406e-01,8.049793839454650879e-01,9.176828861236572266e-01,9.343713521957397461e-01,9.207347631454467773e-01,2.468280047178268433e-01
0.000000000000000000e+00,9.480097889900207520e-01,4.268441498279571533e-01,-1.396205276250839233e-01,7.526955604553222656e-01,3.730075955390930176e-01,1.033177018165588379e+00,7.472922205924987793e-01,1.621811032295227051e+00,9.759739041328430176e-01,-3.588729202747344971e-01,7.301114201545715332e-01,1.002011775970458984e+00,1.217867374420166016e+00,1.219125509262084961e+00,7.304063439369201660e-01,9.174753427505493164e-01,8.322599530220031738e-01,4.689820110797882080e-01
0.000000000000000000e+00,8.878899216651916504e-01,-1.606384515762329102e+00,-4.306450784206390381e-01,1.093845725059509277e+00,-1.552909135818481445e+00,1.628149151802062988e+00,6.521235108375549316e-01,5.047510266304016113e-01,9.767321348190307617e-01,-2.030385285615921021e-01,8.044958114624023438e-01,8.935786485671997070e-01,9.856573343276977539e-01,1.316912293434143066e+00,8.222648501396179199e-01,1.005911350250244141e+00,1.079019665718078613e+00,5.313109979033470154e-02
0.000000000000000000e+00,5.773099660873413086e-01,6.043070554733276367e-01,-1.223294019699096680e+00,5.562788844108581543e-01,4.516156911849975586e-01,-6.615883708000183105e-01,9.223486781120300293e-01,7.059072852134704590e-01,1.384559154510498047e+00,-6.102539300918579102e-01,4.765137732028961182e-01,9.992203116416931152e-01,1.860802292823791504e+00,2.029205322265625000e+00,5.289151668548583984e-01,1.511897325515747070e+00,1.556377291679382324e+00,5.479009747505187988e-01
0.000000000000000000e+00,4.888425469398498535e-01,3.141634762287139893e-01,9.942441582679748535e-01,7.340842485427856445e-01,-4.088740348815917969e-01,-1.531245112419128418e-01,5.805602669715881348e-01,-1.351254701614379883e+00,8.714925050735473633e-01,-2.578498721122741699e-01,5.303397774696350098e-01,7.144632339477539062e-01,1.195479869842529297e+00,1.292659997940063477e+00,5.542995333671569824e-01,9.706797599792480469e-01,1.338896393775939941e+00,1.534460019320249557e-02
0.000000000000000000e+00,6.671612262725830078e-01,1.780435085296630859e+00,-5.254538059234619141e-01,8.520867824554443359e-01,2.033434957265853882e-01,1.176212787628173828e+00,2.583751678466796875e-01,1.151510000228881836e+00,2.168804220855236053e-02,6.846895068883895874e-02,8.981806635856628418e-01,4.665568768978118896e-01,4.609535932540893555e-01,0.000000000000000000e+00,9.050191044807434082e-01,2.860240936279296875e-01,1.355620622634887695e+00,8.921319991350173950e-02
0.000000000000000000e+00,3.155933141708374023e+00,2.099611997604370117e+00,6.833450794219970703e-01,3.971020698547363281e+00,-6.648579239845275879e-01,-9.332116842269897461e-01,8.138876557350158691e-01,-1.212441563606262207e+00,6.052708625793457031e-01,-4.805586636066436768e-01,7.735473155975341797e+00,1.826796770095825195e+00,2.095642685890197754e-01,1.075756907463073730e+00,7.762553691864013672e+00,1.557152032852172852e+00,6.184268593788146973e-01,2.060570009052753448e-02
0.000000000000000000e+00,4.100620150566101074e-01,-1.301923632621765137e+00,-1.127804368734359741e-01,6.226304173469543457e-01,-1.697043180465698242e+00,-3.892312645912170410e-01,5.937466025352478027e-01,1.452912807464599609e+00,4.664981365203857422e-01,-2.783120274543762207e-01,4.214737415313720703e-01,7.591908574104309082e-01,1.598440647125244141e+00,1.660296916961669922e+00,3.993726968765258789e-01,1.235266685485839844e+00,2.768425941467285156e-01,1.057190001010894775e-01
0.000000000000000000e+00,9.499728083610534668e-01,8.662280440330505371e-01,-8.326779007911682129e-01,7.025467753410339355e-01,-4.938016235828399658e-01,1.492406487464904785e+00,1.003929734230041504e+00,6.392022967338562012e-01,1.506876826286315918e+00,-6.918058991432189941e-01,9.327455163002014160e-01,1.182722806930541992e+00,1.125217437744140625e+00,1.766747236251831055e+00,9.728769063949584961e-01,1.492798447608947754e+00,1.535245299339294434e+00,2.850919961929321289e-01
0.000000000000000000e+00,3.120656013488769531e-01,1.331367492675781250e-01,2.515034675598144531e-01,4.446258246898651123e-01,1.778603076934814453e+00,1.101614236831665039e+00,8.418714404106140137e-01,-1.547610878944396973e+00,1.257580876350402832e+00,-2.610291838645935059e-01,4.641430377960205078e-01,6.768776178359985352e-01,1.294120073318481445e+00,1.231001853942871094e+00,5.207567214965820312e-01,1.014592885971069336e+00,1.233712553977966309e+00,2.216030061244964600e-01
0.000000000000000000e+00,6.379542946815490723e-01,-5.572941899299621582e-01,-1.160480141639709473e+00,8.029001355171203613e-01,3.795898556709289551e-01,1.015548706054687500e+00,7.561594843864440918e-01,1.354184597730636597e-01,1.135088682174682617e+00,-4.429430663585662842e-01,6.757267117500305176e-01,8.677948713302612305e-01,1.139620423316955566e+00,1.360035061836242676e+00,7.188321352005004883e-01,1.068106532096862793e+00,1.564240455627441406e+00,1.678889989852905273e-01
0.000000000000000000e+00,4.485929608345031738e-01,-1.145059585571289062e+00,-1.904469430446624756e-01,6.007297039031982422e-01,5.842799544334411621e-01,-9.277515411376953125e-01,4.644324779510498047e-01,7.462073117494583130e-02,3.143922388553619385e-01,5.501363277435302734e-01,6.653059720993041992e-01,3.786077797412872314e-01,5.049915909767150879e-01,4.651814699172973633e-01,5.984641313552856445e-01,4.900511205196380615e-01,6.882420778274536133e-01,7.132449746131896973e-02
0.000000000000000000e+00,1.202254652976989746e+00,1.377166867256164551e+00,1.716720938682556152e+00,1.774800300598144531e+00,-9.833832383155822754e-01,-1.764271706342697144e-01,1.240430250763893127e-01,-5.886517167091369629e-01,1.281246840953826904e-01,3.736197054386138916e-01,2.571600198745727539e+00,4.055181145668029785e-01,1.399339288473129272e-01,0.000000000000000000e+00,2.575715303421020508e+00,2.597656250000000000e-01,3.479416370391845703e-01,1.085999980568885803e-02
1.000000000000000000e+00,7.190798521041870117e-01,-7.205978035926818848e-01,-1.624738812446594238e+00,4.400249421596527100e-01,4.450540542602539062e-01,-6.528432369232177734e-01,8.204038739204406738e-01,5.487737655639648438e-01,1.231527447700500488e+00,-4.373956024646759033e-01,6.170510053634643555e-01,9.220223426818847656e-01,1.325978875160217285e+00,1.587294936180114746e+00,6.454561948776245117e-01,1.260853290557861328e+00,1.070219397544860840e+00,3.396939933300018311e-01
1.000000000000000000e+00,9.094456434249877930e-01,1.199436560273170471e-01,1.300581932067871094e+00,1.262475132942199707e+00,-3.395049273967742920e-01,-8.308098316192626953e-01,1.036692142486572266e+00,-1.478206992149353027e+00,1.442008137702941895e+00,1.318574190139770508e+00,9.015505313873291016e-01,8.418810367584228516e-01,8.286592960357666016e-01,0.000000000000000000e+00,8.595576882362365723e-01,4.463849067687988281e-01,1.381033778190612793e+00,5.419589951634407043e-02
0.000000000000000000e+00,7.140473723411560059e-01,-1.352184891700744629e+00,5.863440632820129395e-01,6.410853266716003418e-01,5.081481337547302246e-01,-1.633141756057739258e+00,6.930622458457946777e-01,-5.351773500442504883e-01,1.040371894836425781e+00,-2.805472612380981445e-01,9.354894161224365234e-01,8.301442265510559082e-01,7.874647378921508789e-01,1.355281591415405273e+00,9.536956548690795898e-01,1.089866280555725098e+00,1.089193105697631836e+00,8.333099633455276489e-02
1.000000000000000000e+00,9.271363615989685059e-01,-1.416851162910461426e+00,1.556133151054382324e+00,1.265097975730895996e+00,-1.098082542419433594e+00,-8.664582967758178711e-01,1.064178824424743652e+00,3.091686069965362549e-01,1.597463607788085938e+00,-7.504150867462158203e-01,8.915939927101135254e-01,1.340340018272399902e+00,1.334021210670471191e+00,2.518154382705688477e+00,9.253299832344055176e-01,1.878799319267272949e+00,1.410940766334533691e+00,1.138859987258911133e-01
